0.868421052631579 0.9126344086021511 0.6570473123606648 0.45512820512820495 0.3157894736842105 0.027370478983383 0.23841961852861054 0.0 0.9 0.3 0.0
0.0 0.6067588325652841 0.4087193460490463 0.512820512820513 0.0 0.44086021505376377 0.20299727520435934 0.46581196581196593 0.6 0.6 0.0
0.11842105263157894 0.0 0.0 0.35897435897435875 0.4035087719298248 0.3198924731182799 0.1839237057220712 0.7222222222222224 0.1 0.2 0.0
0.25 0.5791090629800313 0.6546321525885564 0.7115384615384615 0.5614035087719301 0.5099846390168968 0.3978201634877384 0.6794871794871794 0.5 0.1 0.0
0.2631578947368421 0.021505376344086644 0.2510704554301283 0.3803418803418798 0.7368421052631579 0.44086021505376377 0.4291553133514995 0.5384615384615381 0.2 0.9 0.0
0.631578947368421 1.0 1.0 0.9358974358974359 0.39473684210526316 0.1892473118279578 0.44873978201634906 0.31318681318681335 0.8 0.3 0.0
0.5614035087719301 0.6620583717357922 0.641840750832577 0.7863247863247865 0.7192982456140353 0.9368279569892479 0.5372956403269757 1.0 0.6 0.9 0.0
0.2631578947368421 0.24731182795698953 0.08545949962843652 0.42307692307692285 1.0 0.9569892473118281 0.7402361489554958 0.487179487179487 0.6 0.8 0.0
0.3157894736842105 0.42703533026113744 0.1892219194671511 0.2788461538461536 0.5789473684210527 0.5618279569892477 0.3649279875437918 0.7564102564102565 0.4 0.3 0.0
0.21052631578947367 0.1643625192012287 0.16596482536537094 0.2948717948717946 0.7894736842105263 0.9852150537634414 0.8472411444141694 0.9358974358974359 0.4 0.5 0.0
